              precision    recall  f1-score   support

           0       0.99      0.99      0.99      3722
           1       0.99      0.99      0.99      2481
           2       0.99      0.99      0.99      6889
           3       0.98      0.99      0.98      3382
           4       0.98      0.99      0.98      1635
           5       0.99      0.99      0.99      5923

    accuracy                           0.99     24032
   macro avg       0.99      0.99      0.99     24032
weighted avg       0.99      0.99      0.99     24032
